1.174890422821044922e+01
2.633459091186523438e+01
1.453761291503906250e+01
1.040683841705322266e+01
2.532168960571289062e+01
1.229435062408447266e+01
8.518525123596191406e+00
1.895551681518554688e+01
2.736293029785156250e+01
2.791441535949707031e+01
1.130374240875244141e+01
1.674431800842285156e+01
2.264648628234863281e+01
2.358346939086914062e+01
1.133414840698242188e+01
2.092871093750000000e+01
1.473946857452392578e+01
1.701875877380371094e+01
1.588029575347900391e+01
2.011366462707519531e+01
9.791131019592285156e+00
1.265929031372070312e+01
2.948847770690917969e+01
2.264725494384765625e+01
1.663936424255371094e+01
1.273324012756347656e+01
1.353542613983154297e+01
2.105544853210449219e+01
1.873625183105468750e+01
1.345817947387695312e+01
1.092277240753173828e+01
1.616671371459960938e+01
8.756832122802734375e+00
2.315635108947753906e+01
1.823816871643066406e+01
1.998333168029785156e+01
1.641828536987304688e+01
1.328056812286376953e+01
2.057195281982421875e+01
1.658745956420898438e+01
2.266202163696289062e+01
2.008024597167968750e+01
1.834626197814941406e+01
2.151408958435058594e+01
5.041099071502685547e+00
1.166933917999267578e+01
1.455341434478759766e+01
3.075509643554687500e+01
1.879899597167968750e+01
1.869658851623535156e+01
1.913162231445312500e+01
1.811567306518554688e+01
2.053479194641113281e+01
2.392928123474121094e+01
1.338164424896240234e+01
1.926243972778320312e+01
2.387765693664550781e+01
2.087497138977050781e+01
1.216454887390136719e+01
1.785268783569335938e+01
7.044155120849609375e+00
2.101255798339843750e+01
2.517001914978027344e+01
1.698657608032226562e+01
1.740169715881347656e+01
2.731053161621093750e+01
1.499615573883056641e+01
8.184712409973144531e+00
3.181903266906738281e+01
8.893713951110839844e+00
1.234051609039306641e+01
9.840936660766601562e+00
2.623448944091796875e+01
2.592891311645507812e+01
2.820374298095703125e+01
1.866057395935058594e+01
1.462652397155761719e+01
1.276162815093994141e+01
3.360222244262695312e+01
1.752044296264648438e+01
1.144378280639648438e+01
1.424957370758056641e+01
2.382775306701660156e+01
1.763034248352050781e+01
1.686754417419433594e+01
1.612833595275878906e+01
1.241259574890136719e+01
2.690114402770996094e+01
1.466752338409423828e+01
1.861996269226074219e+01
1.479272174835205078e+01
1.122037696838378906e+01
1.789274215698242188e+01
1.903780174255371094e+01
1.937904548645019531e+01
2.148779106140136719e+01
1.168217086791992188e+01
1.513165187835693359e+01
2.398077964782714844e+01
2.289139175415039062e+01
1.630657577514648438e+01
