0.000000000000000000e+00
6.891867815284058452e-05
2.744324156083166599e-04
6.129700923338532448e-04
1.079021370969712734e-03
1.667096628807485104e-03
2.368928398936986923e-03
3.175561316311359406e-03
4.075150471180677414e-03
5.055929534137248993e-03
6.106617860496044159e-03
1.949236355721950531e-02
3.957504779100418091e-02
6.830487400293350220e-02
1.045614778995513916e-01
1.480451673269271851e-01
1.964816600084304810e-01
2.473931163549423218e-01
3.093743920326232910e-01
3.767194449901580811e-01
1.127225995063781738e+00
1.836636066436767578e+00
2.469085454940795898e+00
3.121529817581176758e+00
3.788708209991455078e+00
4.580482006072998047e+00
5.410284042358398438e+00
6.270377159118652344e+00
6.979357242584228516e+00
1.453130626678466797e+01
2.221739006042480469e+01
3.344880676269531250e+01
5.311223602294921875e+01
7.579071044921875000e+01
9.279882812500000000e+01
9.461721038818359375e+01
8.727819061279296875e+01
8.048234558105468750e+01
8.908432769775390625e+01
2.107419128417968750e+02
2.911857604980468750e+02
4.357615966796875000e+02
5.557069702148437500e+02
6.658815917968750000e+02
8.967152099609375000e+02
1.176149536132812500e+03
1.445864379882812500e+03
4.912706542968750000e+03
1.067224218750000000e+04
1.931579101562500000e+04
2.954466406250000000e+04
4.275642187500000000e+04
5.817185546875000000e+04
7.600535937500000000e+04
9.629199218750000000e+04
1.192815390625000000e+05
