1.182207302984230601e+01
1.288751242156332566e+01
1.078926952846749465e+01
7.368717181283118478e+00
1.017798726966858958e+01
1.306645278402257482e+01
1.281071003335117098e+01
9.503501588207347694e+00
8.996873884944443844e+00
1.241884754367400667e+01
1.436097922200894672e+01
1.028398951256274430e+01
9.383588967002655323e+00
1.195832226016445787e+01
1.072779822690150731e+01
8.620195080794996301e+00
7.845277044897264851e+00
9.447321911501388669e+00
1.027689288892958253e+01
7.843246044641912107e+00
1.004671397543584987e+01
7.453868992680855676e+00
1.143387313162982544e+01
1.264506604238937193e+01
8.849525439136545657e+00
9.875857284661302415e+00
1.134547607214832432e+01
1.248403344952519944e+01
1.300467225458774401e+01
1.003335244965532524e+01
9.436812581916550258e+00
9.833645883503647767e+00
1.107980110526448136e+01
1.071178599377812191e+01
1.249198291976025743e+01
1.201794672599405978e+01
9.602358821644939368e+00
8.831938797719375955e+00
7.713880048654840671e+00
1.026606940735018725e+01
1.525708083495183232e+01
1.416008641588809880e+01
1.105863845538374513e+01
8.080637277269536511e+00
7.796396317671266729e+00
1.219914735406111461e+01
1.102045780297989452e+01
1.198060004471873086e+01
8.178360073259273832e+00
7.512876991669293680e+00
9.945975281715703886e+00
1.215405203599440220e+01
1.133588578752904041e+01
1.006894465920017900e+01
8.176897538735689253e+00
9.787908918098834121e+00
1.313238327242696890e+01
1.260839385495333609e+01
9.336225865746710539e+00
9.845542941891130440e+00
1.034019662367753156e+01
1.036342797550845241e+01
9.830060976439913389e+00
1.275685838809066475e+01
1.283198608405061769e+01
1.142875336909196271e+01
9.116569493524734114e+00
1.231095124108930428e+01
1.584398711183372299e+01
1.239910661641988021e+01
6.598150697317527680e+00
9.860629971225332469e+00
1.506880609513232905e+01
1.519193235110543760e+01
1.312213310654256304e+01
7.525747304696645656e+00
8.772833488110576283e+00
1.171279839782906684e+01
1.399429360534630362e+01
1.138158084733845676e+01
8.794365431424777668e+00
9.814948766423047033e+00
1.482191416510092274e+01
1.442503512846693781e+01
9.948647979089425775e+00
7.388825367771919339e+00
8.699790785273128435e+00
1.007728165160163236e+01
9.929762459519350770e+00
1.081257146461735275e+01
9.794762362656461718e+00
9.442793820996152832e+00
1.008980176330346090e+01
1.120147852273158584e+01
1.300687562999174851e+01
1.037544884138528012e+01
7.790468394027042720e+00
1.092242268154406659e+01
1.316043657299374026e+01
1.161615446936492724e+01
8.286400868665399599e+00
