1.787855720520019531e+01
1.119727897644042969e+01
4.856325626373291016e+00
1.152106094360351562e+01
9.676945686340332031e+00
1.844314575195312500e+01
9.471033096313476562e+00
1.014107227325439453e+01
1.535338592529296875e+01
1.341265296936035156e+01
1.080641651153564453e+01
1.033778762817382812e+01
1.617753791809082031e+01
9.760676383972167969e+00
1.136153125762939453e+01
1.148763656616210938e+01
3.918221950531005859e+00
1.416835212707519531e+01
1.096203517913818359e+01
6.299522876739501953e+00
1.441613292694091797e+01
7.725870609283447266e+00
1.031785202026367188e+01
7.633691787719726562e+00
1.417002391815185547e+01
6.435679435729980469e+00
1.132736301422119141e+01
1.703897666931152344e+01
1.015467166900634766e+01
7.692784309387207031e+00
1.328583145141601562e+01
1.114458179473876953e+01
8.592787742614746094e+00
8.342538833618164062e+00
1.150749397277832031e+01
1.779569625854492188e+01
1.261545658111572266e+01
1.832448577880859375e+01
1.187358474731445312e+01
1.115986919403076172e+01
8.503211975097656250e+00
1.470963859558105469e+01
5.834464073181152344e+00
1.134610080718994141e+01
1.152152156829833984e+01
8.285284996032714844e+00
1.055253505706787109e+01
1.412564849853515625e+01
1.098037528991699219e+01
1.606368827819824219e+01
6.505081653594970703e+00
1.097472095489501953e+01
1.552461051940917969e+01
9.439823150634765625e+00
2.346299171447753906e+01
1.076772212982177734e+01
8.054813385009765625e+00
1.536941051483154297e+01
1.606700706481933594e+01
1.556156253814697266e+01
1.269767189025878906e+01
1.197905063629150391e+01
1.586792373657226562e+01
1.745864868164062500e+01
9.867665290832519531e+00
5.433028221130371094e+00
1.567481327056884766e+01
1.356389331817626953e+01
1.309361267089843750e+01
7.685916900634765625e+00
1.829269027709960938e+01
1.636895179748535156e+01
1.051658344268798828e+01
1.189176845550537109e+01
1.644833564758300781e+01
1.335219669342041016e+01
1.028147697448730469e+01
1.420066642761230469e+01
1.694350814819335938e+01
1.198344516754150391e+01
7.746696472167968750e+00
1.588962364196777344e+01
1.592698764801025391e+01
1.371092700958251953e+01
1.362941074371337891e+01
1.830392646789550781e+01
1.707626342773437500e+01
1.477321147918701172e+01
9.743201255798339844e+00
8.247803688049316406e+00
1.321921825408935547e+01
1.352138519287109375e+01
1.602986526489257812e+01
1.203756141662597656e+01
1.112023162841796875e+01
1.605916786193847656e+01
1.183649539947509766e+01
1.769680786132812500e+01
1.743923377990722656e+01
1.699703025817871094e+01
9.940619468688964844e+00
