0.000000000000000000e+00
7.103937969077378511e-05
2.836390631273388863e-04
6.353392382152378559e-04
1.121082343161106110e-03
1.733754528686404228e-03
2.466370351612567902e-03
3.312457585707306862e-03
4.268158227205276489e-03
5.329743027687072754e-03
6.492442917078733444e-03
2.208701521158218384e-02
4.533918201923370361e-02
7.709103822708129883e-02
1.155457496643066406e-01
1.615930497646331787e-01
2.160904705524444580e-01
2.786422669887542725e-01
3.416664600372314453e-01
4.009651839733123779e-01
1.120572924613952637e+00
1.821335792541503906e+00
2.316216468811035156e+00
2.841297864913940430e+00
3.564954757690429688e+00
4.230912685394287109e+00
4.981581687927246094e+00
5.920368671417236328e+00
7.060499668121337891e+00
1.649886512756347656e+01
2.776286315917968750e+01
4.095653152465820312e+01
5.193422317504882812e+01
5.015503311157226562e+01
4.768780899047851562e+01
4.733179855346679688e+01
5.534235382080078125e+01
6.820495605468750000e+01
1.213773345947265625e+02
1.737233581542968750e+02
1.406549682617187500e+02
1.825534210205078125e+02
2.443155670166015625e+02
2.626526489257812500e+02
3.626656188964843750e+02
4.234017639160156250e+02
4.099556579589843750e+02
1.283670043945312500e+03
2.565432861328125000e+03
4.234160156250000000e+03
6.673530761718750000e+03
9.545395507812500000e+03
1.292301757812500000e+04
1.687313671875000000e+04
2.119026953125000000e+04
2.611726953125000000e+04
