9.905664080631188639e+00
6.069473565181200847e+00
7.472895905375093406e+00
8.595054702382446621e+00
5.730824946882584037e+00
7.022906895952311324e+00
7.209623820968023900e+00
5.514773889018299791e+00
7.643939075139710049e+00
7.486009542500597469e+00
5.167023227919949058e+00
7.985966334221919816e+00
6.458341869651746947e+00
7.627160648828776424e+00
7.000969423541833159e+00
5.412683344785794937e+00
6.505436558755407717e+00
7.614412862687138350e+00
6.451475040722115750e+00
4.488128911265079957e+00
6.588317596669023501e+00
7.106713782678068192e+00
7.116902024300371998e+00
5.148415146351073446e+00
8.501443249808549041e+00
4.965806953055378337e+00
5.710126090027088708e+00
9.490511496417324722e+00
8.557143290700821581e+00
5.052469241345321826e+00
7.400649259904074739e+00
7.404979645331231985e+00
9.546182587052339130e+00
5.937919046230484277e+00
4.447163494126155747e+00
9.644536265943846942e+00
5.968009602510820244e+00
8.657134558921638856e+00
7.596887150998418825e+00
6.616502545965219362e+00
5.296123579362471467e+00
8.059997941292101231e+00
6.897309058729685027e+00
5.952338197635070216e+00
6.184421368820807174e+00
5.207768442467410885e+00
5.917466298551112835e+00
7.637860478031447187e+00
6.579335762170122059e+00
7.258027534596503294e+00
5.259412706979039953e+00
4.782886597607440393e+00
9.668552321562426499e+00
6.071200945372396518e+00
1.069622707045485654e+01
5.220543107754110679e+00
6.970910448254003633e+00
6.073538096744881543e+00
7.681411617202115849e+00
8.676508870487127822e+00
5.339729076568705324e+00
7.539330530275212716e+00
6.835382709733586637e+00
6.913504590057371502e+00
5.854980443793023959e+00
7.012630201645024819e+00
7.298986108492199421e+00
6.094622977307192713e+00
9.011299258781336974e+00
5.434271087200796657e+00
8.059623874950085920e+00
7.843124692310275314e+00
7.129878050771505826e+00
5.671116625566632763e+00
9.571981454879802342e+00
5.398682086645266054e+00
5.778936379232227694e+00
9.919530471129363036e+00
6.758535105228911100e+00
7.421042368105100984e+00
5.131503410108379626e+00
8.540988772434236154e+00
5.706313763655032290e+00
9.321766423751517650e+00
6.243200973866598780e+00
7.271334456222256826e+00
7.183420065521014308e+00
7.392652999093161981e+00
6.950660886044275344e+00
6.723251625484463645e+00
5.498761825648276869e+00
7.641340992927532660e+00
7.834867986143863483e+00
4.436132878549785552e+00
8.073622757176565301e+00
7.743126525892374268e+00
5.380288376896266378e+00
8.855823311840280709e+00
6.279224559201129097e+00
6.209075686730960442e+00
8.353185658551794290e+00
