8.638845443725585938e+00
2.496374130249023438e+00
2.917395353317260742e+00
1.670655727386474609e+00
4.549933910369873047e+00
4.355221748352050781e+00
4.251231670379638672e+00
5.425018310546875000e+00
4.914113998413085938e+00
4.205482482910156250e+00
5.788994312286376953e+00
2.302142858505249023e+00
1.613402009010314941e+00
3.334400892257690430e+00
3.704692125320434570e+00
4.501533031463623047e+00
2.524571895599365234e+00
5.346411705017089844e+00
3.658955574035644531e+00
3.493860483169555664e+00
4.425482749938964844e+00
5.796183109283447266e+00
4.452893257141113281e+00
4.418131351470947266e+00
5.081471443176269531e+00
2.752361536026000977e+00
3.074763059616088867e+00
3.739765644073486328e+00
3.832078933715820312e+00
2.273605346679687500e+00
1.925413489341735840e+00
3.801237583160400391e+00
5.141408920288085938e+00
3.005644798278808594e+00
4.839709758758544922e+00
4.882248878479003906e+00
4.320882320404052734e+00
5.091259002685546875e+00
4.660304546356201172e+00
6.511131286621093750e+00
5.582597255706787109e+00
3.426160335540771484e+00
4.449391841888427734e+00
6.935764312744140625e+00
3.937455415725708008e+00
4.747358322143554688e+00
1.166236996650695801e+00
2.446436882019042969e+00
1.975007891654968262e+00
4.809694766998291016e+00
5.995894432067871094e+00
3.719273805618286133e+00
3.127020120620727539e+00
4.228879451751708984e+00
3.872930049896240234e+00
4.133203983306884766e+00
3.232181310653686523e+00
4.026752948760986328e+00
2.902089357376098633e+00
4.211236476898193359e+00
4.412665367126464844e+00
5.423238754272460938e+00
2.300996780395507812e+00
3.724648952484130859e+00
5.203632354736328125e+00
3.065717935562133789e+00
4.710759162902832031e+00
3.528621435165405273e+00
3.964791774749755859e+00
5.552396297454833984e+00
3.475113630294799805e+00
7.139581203460693359e+00
3.405260324478149414e+00
5.007520198822021484e+00
1.330283880233764648e+00
2.943543672561645508e+00
5.873453617095947266e+00
3.253324270248413086e+00
3.775231838226318359e+00
4.523048877716064453e+00
1.432796716690063477e+00
1.050767660140991211e+00
3.265066862106323242e+00
3.977740287780761719e+00
3.637593030929565430e+00
4.421066761016845703e+00
3.184996366500854492e+00
5.230618476867675781e+00
4.139319896697998047e+00
1.368847846984863281e+00
4.350893497467041016e+00
4.080504894256591797e+00
5.057284832000732422e+00
4.135841846466064453e+00
3.206220865249633789e+00
4.168872833251953125e+00
3.525274276733398438e+00
2.743169784545898438e+00
2.967911720275878906e+00
2.138561487197875977e+00
3.763093709945678711e+00
