0.000000000000000000e+00
7.772892422508448362e-05
3.091887047048658133e-04
6.892172968946397305e-04
1.210008398629724979e-03
1.861970871686935425e-03
2.634466392919421196e-03
3.516215365380048752e-03
4.495546687394380569e-03
5.560867954045534134e-03
6.701006088405847549e-03
2.182021178305149078e-02
4.653654992580413818e-02
8.290832489728927612e-02
1.279892325401306152e-01
1.812887191772460938e-01
2.429232448339462280e-01
3.114788532257080078e-01
3.840447366237640381e-01
4.596384465694427490e-01
1.257249712944030762e+00
2.067042589187622070e+00
2.861786842346191406e+00
3.631814479827880859e+00
4.677141189575195312e+00
6.007879257202148438e+00
7.399145603179931641e+00
8.882593154907226562e+00
1.044671344757080078e+01
2.112929725646972656e+01
3.356324768066406250e+01
4.089970779418945312e+01
4.357109069824218750e+01
4.703171539306640625e+01
4.941678619384765625e+01
5.313865661621093750e+01
5.510351943969726562e+01
5.776921081542968750e+01
5.175090789794921875e+01
4.847328567504882812e+01
6.816783905029296875e+01
6.522979736328125000e+01
1.026013107299804688e+02
8.990391540527343750e+01
1.301275482177734375e+02
1.341670837402343750e+02
1.626491851806640625e+02
5.040069274902343750e+02
1.057351196289062500e+03
1.816486450195312500e+03
2.836096679687500000e+03
4.004799316406250000e+03
5.541521972656250000e+03
7.487866210937500000e+03
9.287163085937500000e+03
1.132820605468750000e+04
