6.752640056247816602e+00
2.659556454514448109e+00
2.473121272542477822e+00
2.433533236389739951e+00
2.552521251978593142e+00
2.531744181545479755e+00
2.419639234771942427e+00
2.648153227177945990e+00
2.459313551061691694e+00
2.535255552264117807e+00
2.607515491848244160e+00
2.452765173976426016e+00
2.561843503789029697e+00
2.482616086502006159e+00
2.561953121437156256e+00
2.453437092020545496e+00
2.431580579420647759e+00
2.502342572374109952e+00
2.474320477383208150e+00
2.572001825278806830e+00
2.442893045913309802e+00
2.501210755734108115e+00
2.364108694550169698e+00
2.550684352596255700e+00
2.493653620782764424e+00
2.444970808332878498e+00
2.582026210380295339e+00
2.491217721670463181e+00
2.552261416757439783e+00
2.460035157895289704e+00
2.461105249691672991e+00
2.427526632778041815e+00
2.542253965684361017e+00
2.509508692749218728e+00
2.552840365148648871e+00
2.541337815550062107e+00
2.414078029357679789e+00
2.405621985352069281e+00
2.454576918958414122e+00
2.427173844194464358e+00
2.397095939154689770e+00
2.613775088656381307e+00
2.508739002345788727e+00
2.640467307441777489e+00
2.431833934992045698e+00
2.480406889996683795e+00
2.487719677144385688e+00
2.411848628392634364e+00
2.496011240684647081e+00
2.644547944731607814e+00
2.417142403682797980e+00
2.411605646535772252e+00
2.465590260878023798e+00
2.497816065716995659e+00
2.496194134666225306e+00
2.683852332209584635e+00
2.474684023181010328e+00
2.480352434845847664e+00
2.480698997848839849e+00
2.463611521879527810e+00
2.456503597904657887e+00
2.468481901362927111e+00
2.395570053035771974e+00
2.459472210272730663e+00
2.456336591304443928e+00
2.450510842996586724e+00
2.451004593516989072e+00
2.476297427120422778e+00
2.420504078800438830e+00
2.468603459469721706e+00
2.411730848411894002e+00
2.713581810822000229e+00
2.618628668667903003e+00
2.478050345739279070e+00
2.557404393480325666e+00
2.424064307507622917e+00
2.408644788022857419e+00
2.435935701161220823e+00
2.599202287631464436e+00
2.374381264939781744e+00
2.426041790328036019e+00
2.579731502951295052e+00
2.482522133212209603e+00
2.453230396509031408e+00
2.401044359120166671e+00
2.525150235795557307e+00
2.525486276932112695e+00
2.411471120798355905e+00
2.553198871346979093e+00
2.484223684172086610e+00
2.524516949526137033e+00
2.572210513021305101e+00
2.611248631294356137e+00
2.559374005238232996e+00
2.500733141609492449e+00
2.479124194170461593e+00
2.541187073624974868e+00
2.486217475628133666e+00
2.473863849862761199e+00
2.579074911683883808e+00
2.412829061656043717e+00
