1.576772594451904297e+01
3.599426269531250000e+00
6.239199638366699219e+00
7.153145790100097656e+00
8.330855369567871094e+00
6.198503494262695312e+00
4.866342544555664062e+00
5.863943099975585938e+00
3.537393569946289062e+00
4.210691928863525391e+00
7.007576942443847656e+00
6.113164424896240234e+00
4.514530181884765625e+00
5.794623374938964844e+00
7.017025947570800781e+00
4.336076736450195312e+00
4.612061023712158203e+00
8.345431327819824219e+00
6.837793350219726562e+00
7.616743087768554688e+00
5.668023109436035156e+00
8.701160430908203125e+00
5.085968971252441406e+00
6.689904689788818359e+00
3.683089017868041992e+00
6.731151103973388672e+00
4.598839282989501953e+00
7.544881343841552734e+00
3.954478979110717773e+00
6.254136085510253906e+00
5.751509666442871094e+00
5.026199340820312500e+00
5.339845180511474609e+00
3.623934507369995117e+00
6.339003086090087891e+00
7.124608516693115234e+00
7.432160377502441406e+00
6.183394432067871094e+00
3.818072080612182617e+00
7.946468830108642578e+00
6.624439716339111328e+00
6.045805454254150391e+00
4.085848331451416016e+00
4.951536655426025391e+00
5.379972457885742188e+00
2.021684169769287109e+00
2.983297586441040039e+00
4.410140991210937500e+00
5.665796756744384766e+00
6.658715248107910156e+00
3.022402048110961914e+00
5.386756420135498047e+00
1.173210382461547852e+00
3.792688846588134766e+00
2.209303617477416992e+00
1.220692276954650879e+00
2.080265998840332031e+00
2.326241254806518555e+00
6.300850391387939453e+00
6.661828041076660156e+00
1.223249077796936035e+00
2.909317970275878906e+00
4.096096038818359375e+00
5.760892868041992188e+00
6.597891330718994141e+00
4.683240413665771484e+00
5.759309768676757812e+00
3.924348592758178711e+00
5.049174308776855469e+00
2.336092710494995117e+00
2.899846553802490234e+00
4.209142208099365234e+00
4.769367694854736328e+00
2.290876865386962891e+00
4.806355476379394531e+00
5.653768539428710938e+00
6.696208000183105469e+00
7.870989322662353516e+00
3.950409889221191406e+00
6.521451950073242188e+00
4.682125091552734375e+00
3.757990837097167969e+00
4.238533973693847656e+00
5.357380390167236328e+00
4.422462463378906250e+00
6.332242488861083984e+00
3.605406522750854492e+00
3.478529691696166992e+00
3.808617591857910156e+00
6.303753852844238281e+00
6.095003604888916016e+00
6.212579250335693359e+00
5.109615802764892578e+00
4.550559520721435547e+00
5.693188190460205078e+00
5.685946941375732422e+00
4.935376167297363281e+00
5.749013900756835938e+00
4.087358951568603516e+00
6.362396717071533203e+00
5.220007419586181641e+00
