0.000000000000000000e+00
7.315857510548084974e-05
2.920954430010169744e-04
6.546076619997620583e-04
1.156406477093696594e-03
1.791076385416090488e-03
2.549628959968686104e-03
3.421772038564085960e-03
4.396872129291296005e-03
5.465761292725801468e-03
6.620559841394424438e-03
2.154948189854621887e-02
4.450560733675956726e-02
7.702150195837020874e-02
1.164422407746315002e-01
1.612741798162460327e-01
2.108874917030334473e-01
2.686360180377960205e-01
3.325624167919158936e-01
3.972195386886596680e-01
1.084790587425231934e+00
1.727976322174072266e+00
2.387674808502197266e+00
3.098304033279418945e+00
3.758824348449707031e+00
4.555428981781005859e+00
5.472154617309570312e+00
6.569416046142578125e+00
7.583245277404785156e+00
1.950154685974121094e+01
3.314947891235351562e+01
5.213605880737304688e+01
6.452897644042968750e+01
7.262698364257812500e+01
7.570814514160156250e+01
7.522164154052734375e+01
7.457994842529296875e+01
7.588088989257812500e+01
9.773078155517578125e+01
1.247287368774414062e+02
1.197516860961914062e+02
1.420246429443359375e+02
1.918228302001953125e+02
2.016479034423828125e+02
2.331944885253906250e+02
2.907028503417968750e+02
3.457155761718750000e+02
1.031298706054687500e+03
2.245355468750000000e+03
4.075647216796875000e+03
6.460783691406250000e+03
9.414362304687500000e+03
1.293553027343750000e+04
1.694540820312500000e+04
2.162995703125000000e+04
2.673999023437500000e+04
