8.941247370512728665e+00
3.128852482566419013e+00
3.109591586378444017e+00
3.014455673214432530e+00
3.131332510514210021e+00
3.034369941415114180e+00
3.089093236520148444e+00
3.069838075851548442e+00
3.050651931707424325e+00
3.132467743018843453e+00
3.015544085558862886e+00
3.024897420042972573e+00
3.037651997230184531e+00
3.038006126589130940e+00
3.049114422147054082e+00
3.132563711191247435e+00
3.038927134264783003e+00
3.023356594831930977e+00
3.026059468809131126e+00
3.078601067754708875e+00
3.018659587812356104e+00
2.997239722527289540e+00
3.045181541260249869e+00
3.033705825243074639e+00
3.018856989700902105e+00
3.048618288423164291e+00
3.113160689868791575e+00
3.024852140451972371e+00
3.048299185895077201e+00
2.977968589161636981e+00
3.064205752829676221e+00
3.071561916028610728e+00
3.017804158724859409e+00
3.045377506464522099e+00
3.141549268227202152e+00
3.024640103120523893e+00
3.028242583968558055e+00
3.085864472209471909e+00
3.061775751519815181e+00
3.102849371092943009e+00
3.026709135900502723e+00
3.110725392634833053e+00
2.985914785745476863e+00
2.994449470881475506e+00
3.073922631123406024e+00
3.092648871068417904e+00
3.029234113103290493e+00
2.992452003507925173e+00
3.027651531008773933e+00
3.048129185919469020e+00
3.035863885950470298e+00
3.041053792125983701e+00
3.020541010994751030e+00
3.007118536950977639e+00
2.993225324169499046e+00
3.046228761948822861e+00
2.983173808999080467e+00
3.072231254137891998e+00
3.127379733993619570e+00
2.983298336814404816e+00
3.145142033760085276e+00
3.055874503330130665e+00
3.051715536659121319e+00
2.981315891177906963e+00
3.103335785775558353e+00
3.045954249469505548e+00
3.141595281965019026e+00
3.034540933741233459e+00
3.083804469434674456e+00
3.038985222867510938e+00
3.032112423861304418e+00
3.109340534304096071e+00
3.040895857462498242e+00
2.992966066440550854e+00
3.066632122892297918e+00
3.057445789448385742e+00
3.124717674161419545e+00
3.025186013656775419e+00
3.077476473901554321e+00
2.983099058802763714e+00
3.100013547798442737e+00
3.020725790945143707e+00
3.013767382138699880e+00
3.051987856118265618e+00
2.984123080938594796e+00
3.160661741757843313e+00
3.029697097781291149e+00
3.072223643618796629e+00
3.070569164192268996e+00
3.051438192692341289e+00
3.048055446452843320e+00
3.062088708412037619e+00
2.983839813097143523e+00
3.236372955615671287e+00
2.949967278895136769e+00
3.132282045009812332e+00
3.033689118586757161e+00
3.053077916083327015e+00
3.006290917912964211e+00
2.976681988552439595e+00
3.128871026342544770e+00
